<?xml version="1.0"?>
<opencv_storage>
<calibration_Time>"Thu 09 Nov 2017 10:35:58 AM CET"</calibration_Time>
<nrOfFrames>25</nrOfFrames>
<image_Width>640</image_Width>
<image_Height>480</image_Height>
<board_Width>8</board_Width>
<board_Height>5</board_Height>
<square_Size>50.</square_Size>
<FixAspectRatio>1.</FixAspectRatio>
<flagValue>14</flagValue>
<Camera_Matrix type_id="opencv-matrix">
  <rows>3</rows>
  <cols>3</cols>
  <dt>d</dt>
  <data>
    6.4957589278541002e+02 0. 320. 0. 6.4957589278541002e+02 240. 0. 0.
    1.</data></Camera_Matrix>
<Distortion_Coefficients type_id="opencv-matrix">
  <rows>5</rows>
  <cols>1</cols>
  <dt>d</dt>
  <data>
    8.3074661898068031e-02 -4.3770919284639392e-01 0. 0.
    8.9292313365284037e-01</data></Distortion_Coefficients>
<Avg_Reprojection_Error>6.0842434896054964e-01</Avg_Reprojection_Error>
<Per_View_Reprojection_Errors type_id="opencv-matrix">
  <rows>25</rows>
  <cols>1</cols>
  <dt>f</dt>
  <data>
    5.48731685e-01 5.64040482e-01 5.07023215e-01 6.95835829e-01
    4.71569657e-01 3.28263879e-01 3.93880099e-01 3.64727437e-01
    3.32323700e-01 2.48828813e-01 5.53051531e-01 3.86987448e-01
    7.58923650e-01 8.02834511e-01 8.38770390e-01 6.55271769e-01
    5.76444268e-01 5.79840600e-01 5.92007637e-01 6.20858133e-01
    8.13555002e-01 8.15909505e-01 7.22087741e-01 7.72360742e-01
    6.66570187e-01</data></Per_View_Reprojection_Errors>
<Extrinsic_Parameters type_id="opencv-matrix">
  <rows>25</rows>
  <cols>6</cols>
  <dt>d</dt>
  <data>
    4.2545379775598569e-01 -1.3477892571375757e-01
    -7.1765623549300800e-02 -1.7501526628615531e+02
    -5.6920025506088884e+01 5.5233547569011830e+02
    4.3600641526789624e-01 -1.4601141295827871e-01
    -7.8095221502762033e-02 -1.7539088819912783e+02
    -5.3826584333513495e+01 5.4499730147980631e+02
    3.6209057828438040e-01 -1.4913162962336637e-01
    -7.1484559182978774e-02 -1.7219794511571993e+02
    -6.2450446370351855e+01 5.6890837409233109e+02
    -2.1349241683926393e-01 -6.2716518657859543e-02
    -7.5970503390766664e-02 -2.6028185614070759e+02
    -8.7182286054290259e+01 5.6038458832181084e+02
    2.8579679924040718e-01 -2.9748301647222569e-01
    -1.8271534049340777e-02 -2.2568413363897449e+02
    -3.9889266094720881e+01 6.8048351453548196e+02
    -6.0494346102529357e-02 1.4879042430098124e-01
    -1.4635421516753910e-01 -1.9512799809598604e+02
    -2.1519080949124486e+01 6.7264163530725511e+02
    -2.3357642515916627e-02 -1.1408955176982979e-01
    -2.2808837072819574e-01 -1.6403235593478456e+02
    -3.7479104447790514e+00 5.9697303962508875e+02
    -5.7935882290771359e-02 -1.1051205844057403e-01
    -2.3149567538813223e-01 -1.7094060891227593e+02
    -1.6955865134001169e+01 5.6912505427924668e+02
    -7.3583781628953876e-02 -1.3229074396185481e-01
    -2.0424456442554997e-01 -1.7452974301239226e+02
    -5.0348615408834519e+01 5.6312067862307504e+02
    -6.6800287672656847e-02 -1.3829635237042381e-01
    -2.0523266067225626e-01 -1.7430815465614256e+02
    -5.5003698726120938e+01 5.6838791803489823e+02
    -5.4662940229040134e-02 -1.4350619278598728e-01
    -2.0076070931964299e-01 -1.7673233544001553e+02
    -6.4661794439396246e+01 5.7163206585645537e+02
    -5.7921513803808909e-02 -1.5299236289558299e-01
    -2.0119689820095821e-01 -1.7824892736778861e+02
    -6.6953896154110183e+01 5.6616696906544803e+02
    2.1475976953644951e-01 9.1765725571040857e-01 2.8559065445330298e+00
    2.1642937762331090e+02 5.7084343403402038e+01 4.7504830574043370e+02
    1.3823077931324199e-01 1.0793907278385613e+00 2.7880749095090662e+00
    2.1985681012942405e+02 4.3383928079270511e+01 4.6342671359456756e+02
    -6.9843375819112219e-01 -2.0270508533252601e-01
    -3.0781131788876714e-01 -1.7321639176319758e+02
    -7.6142497385067699e+01 5.7160636333864989e+02
    -6.2588236981059220e-01 -4.3243054561267075e-01
    -3.6554332740209627e-01 -1.4916925613807769e+02
    -8.7504397571536529e+01 5.2666993673860918e+02
    2.3759684184569943e-01 1.1560957023874894e+00 2.7280652391896050e+00
    1.6480010257586056e+02 2.8066115834516705e+01 4.8734115472130685e+02
    1.4489741599194395e-01 1.2365478026397410e+00 2.6952659295894774e+00
    1.5449519317390758e+02 1.8556315423950448e+01 5.0033455780483808e+02
    9.0472559779071926e-02 1.1071921101567479e+00 2.7585065982409955e+00
    1.5116006097199227e+02 2.5529979105297244e+01 5.1533099293174757e+02
    -1.2328372644727931e-01 1.3217733150538639e-02
    -7.4177757604460687e-02 -1.9159007514023162e+02
    -1.3203185554908180e+02 5.5009118964673951e+02
    7.2268809203208051e-01 -1.2804045190708482e-01
    -3.5547229965028189e-02 -1.7113275559753674e+02
    -3.3780588039873777e+01 4.0038991503699651e+02
    8.0719224903307896e-01 -1.1710371516337251e-01
    -5.2283284794075048e-02 -1.7153778388686266e+02
    -3.1434753725815185e+01 3.9499723216621709e+02
    7.9140922868648722e-01 -1.3304562669477119e-01
    -6.4242924478870103e-02 -1.7153868907403739e+02
    -2.9982549102072671e+01 3.9429433432642304e+02
    7.9562005779286715e-01 -1.4244510824064188e-01
    -7.0430411810389129e-02 -1.6991091371560435e+02
    -2.7824207341590835e+01 3.9362205348310073e+02
    -4.3280806201251554e-01 9.8940000696050057e-01
    2.0580390630758409e+00 1.8446564508386331e+02
    -2.8772743949528184e+01 6.4941701869051656e+02</data></Extrinsic_Parameters>
